      0/99      5.6G    0.0942    0.5797         0    0.6739      1748       800    0.7595    0.6265    0.6566    0.2754   0.06793    0.5647         0
      1/99     5.69G   0.07167    0.6167         0    0.6884      2502       832    0.8278    0.6461    0.7069     0.325   0.06468     0.564         0
      2/99     5.63G   0.06828    0.6089         0    0.6771      2279       544    0.8401    0.6994    0.7327    0.3605   0.06273    0.5551         0
      3/99    0.889G   0.06483    0.5906         0    0.6555      1745       448    0.8736    0.7453    0.7905    0.4206   0.05935    0.5304         0
      4/99     1.86G   0.06279    0.5877         0    0.6505      2342       768    0.8936    0.7569    0.8087    0.4374   0.05641    0.5258         0
      5/99    0.958G   0.06134    0.5749         0    0.6363      2470       320    0.9118    0.7486    0.8112    0.4466   0.05561     0.518         0
      6/99    0.872G   0.06074    0.5849         0    0.6456      2736       352    0.8998    0.7738    0.8209    0.4573   0.05525    0.5151         0
      7/99     7.69G   0.05998     0.576         0     0.636      2162       800       0.9    0.7817    0.8262    0.4614   0.05496    0.5108         0
      8/99    0.977G   0.05957    0.5765         0    0.6361      1759       416     0.906    0.7843    0.8315    0.4683   0.05418    0.5106         0
      9/99     3.46G   0.05911    0.5763         0    0.6354      2689       704    0.9097    0.7732    0.8284    0.4708   0.05416    0.5086         0
     10/99      6.6G   0.05853    0.5665         0     0.625      1827       320    0.9147    0.7808    0.8358    0.4745   0.05415    0.5057         0
     11/99      6.6G    0.0584    0.5638         0    0.6222      2065       832    0.9128     0.781    0.8328    0.4762   0.05348    0.5054         0
     12/99      6.6G   0.05809    0.5571         0    0.6152      2530       832     0.909    0.7931    0.8376    0.4808   0.05331    0.5039         0
     13/99     3.36G   0.05795    0.5617         0    0.6196      2341       608    0.9097    0.7839    0.8293     0.473   0.05353    0.5046         0
     14/99     2.17G   0.05779    0.5592         0     0.617      3833       512    0.9146    0.7916    0.8415    0.4831   0.05295    0.5003         0
     15/99     5.68G   0.05834    0.5708         0    0.6292      2605       896    0.9153    0.7921    0.8427    0.4812   0.05358    0.5031         0
     16/99     5.87G   0.05814    0.5682         0    0.6263      2281       832    0.9197    0.7858     0.838    0.4845   0.05289    0.5002         0
     17/99    0.891G   0.05757    0.5666         0    0.6242      2454       480    0.9159    0.8025    0.8478    0.4901   0.05252    0.4988         0
     18/99     8.02G   0.05723    0.5609         0    0.6181      2121       896    0.9114    0.8019    0.8446    0.4878   0.05258    0.4994         0
     19/99    0.895G   0.05713    0.5623         0    0.6194      2571       288    0.9203     0.795    0.8462    0.4907   0.05255    0.4972         0
     20/99     7.64G    0.0571    0.5595         0    0.6166      2272       320    0.9156    0.8055    0.8498     0.495    0.0522    0.4962         0
     21/99     7.64G   0.05671    0.5576         0    0.6143      2790       480    0.9219    0.7962    0.8489    0.4956   0.05225    0.4958         0
     22/99     3.44G   0.05744    0.5676         0    0.6251      2945       736    0.9139    0.8071    0.8517    0.4968   0.05208    0.4954         0
     23/99     3.49G   0.05705     0.564         0     0.621      2676       864    0.9216    0.7987    0.8475    0.4951   0.05195    0.4952         0
     24/99     3.35G   0.05737    0.5667         0    0.6241      2542       640    0.9209    0.8053    0.8523    0.4975   0.05217     0.494         0
     25/99     6.61G   0.05624    0.5434         0    0.5997      2893       320    0.9206    0.8024     0.851    0.4971   0.05212    0.4933         0
     26/99     6.61G   0.05626    0.5489         0    0.6052      3127       896    0.9125    0.8107    0.8478    0.4961   0.05196    0.4955         0
     27/99     6.61G   0.05663    0.5552         0    0.6118      2905       416    0.9209    0.8053    0.8525    0.4992   0.05185    0.4927         0
     28/99     6.61G   0.05582    0.5436         0    0.5994      2756       640    0.9204    0.8103    0.8538    0.5014   0.05165    0.4927         0
     29/99     6.61G   0.05647    0.5587         0    0.6152      2480       704    0.9175    0.8119    0.8523    0.5006   0.05166    0.4919         0
     30/99     6.61G   0.05774    0.5596         0    0.6174      3116       288    0.9195    0.8095    0.8532    0.4999   0.05197    0.4923         0
     31/99     6.61G   0.05662    0.5565         0    0.6132      1962       736    0.9191    0.8137     0.856    0.5019   0.05167    0.4909         0
     32/99     6.61G   0.05601    0.5446         0    0.6006      2743       352    0.9201    0.8136     0.858    0.5051    0.0515    0.4903         0
     33/99     6.61G   0.05474    0.5276         0    0.5824      3111       512     0.918    0.8198    0.8602    0.5073   0.05117      0.49         0
     34/99     6.61G   0.05569    0.5424         0    0.5981      1864       832    0.9194    0.8149    0.8592    0.5051   0.05133    0.4899         0
     35/99     6.61G    0.0566     0.567         0    0.6236      2587       640    0.9194    0.8167    0.8589    0.5051   0.05143    0.4899         0
     36/99     6.61G   0.05571     0.552         0    0.6077      2258       544    0.9216    0.8143    0.8589    0.5068   0.05128    0.4897         0
     37/99     6.61G     0.055    0.5347         0    0.5897      2789       864    0.9192    0.8187    0.8613    0.5096   0.05114    0.4885         0
     38/99     6.61G   0.05592    0.5525         0    0.6085      2513       352     0.927    0.8152    0.8613    0.5093   0.05107    0.4881         0
     39/99     6.61G   0.05518    0.5385         0    0.5937      2357       832    0.9221    0.8192      0.86    0.5096   0.05104    0.4878         0
     40/99     6.61G   0.05674    0.5568         0    0.6135      2809       416    0.9246    0.8151    0.8608     0.508   0.05118    0.4876         0
     41/99     6.61G   0.05494    0.5355         0    0.5904      2252       864    0.9226    0.8182    0.8614    0.5119   0.05091    0.4869         0
     42/99     6.61G   0.05439    0.5261         0    0.5804      2361       544    0.9209     0.821    0.8624    0.5105   0.05083    0.4869         0
     43/99     6.61G    0.0557    0.5569         0    0.6126      1896       640    0.9275    0.8137    0.8614    0.5115   0.05086    0.4872         0
     44/99     6.61G    0.0553    0.5415         0    0.5968      2220       480    0.9223    0.8173    0.8611    0.5111   0.05102    0.4881         0
     45/99     3.27G   0.05518    0.5445         0    0.5997      2589       576     0.922    0.8206    0.8624    0.5121   0.05078     0.487         0
     46/99     6.19G   0.05533    0.5433         0    0.5986      2364       832    0.9289    0.8168    0.8617    0.5127    0.0507    0.4863         0
     47/99     6.19G   0.05384    0.5285         0    0.5824      1930       832    0.9251    0.8187    0.8624    0.5126   0.05061    0.4858         0
     48/99     6.19G   0.05515    0.5468         0     0.602      1590       736    0.9204    0.8231    0.8635    0.5129   0.05061    0.4864         0
     49/99     6.19G   0.05492    0.5421         0     0.597      1452       736    0.9215    0.8245    0.8634    0.5141   0.05051    0.4852         0
     50/99    0.963G   0.05585    0.5576         0    0.6135      3321       384      0.92    0.8259    0.8635    0.5141   0.05061    0.4863         0
     51/99     6.88G   0.05482    0.5379         0    0.5927      1923       704    0.9237    0.8201    0.8635    0.5145   0.05049    0.4858         0
     52/99     5.71G   0.05445    0.5282         0    0.5826      2323       928     0.924    0.8218    0.8637    0.5147   0.05055    0.4854         0
     53/99     5.86G   0.05548    0.5528         0    0.6083      2784       512    0.9251    0.8224    0.8651    0.5163   0.05046    0.4845         0
     54/99     5.87G   0.05484    0.5402         0     0.595      2145       704    0.9226    0.8237    0.8646    0.5159   0.05049    0.4851         0
     55/99     5.87G   0.05468    0.5369         0    0.5916      2271       832    0.9233    0.8237    0.8648    0.5156   0.05045    0.4854         0
     56/99     5.87G   0.05398    0.5295         0    0.5835      2257       768    0.9224     0.827    0.8666    0.5169   0.05036    0.4848         0
     57/99      5.9G   0.05449    0.5377         0    0.5922      1644       288     0.925    0.8239    0.8649    0.5171   0.05034    0.4845         0
     58/99     5.91G    0.0548    0.5448         0    0.5996      2196       320    0.9268    0.8209     0.865    0.5167   0.05036    0.4847         0
     59/99     5.91G   0.05528    0.5517         0     0.607      1921       736    0.9261     0.821    0.8639    0.5168   0.05037    0.4843         0
     60/99     5.91G    0.0543     0.535         0    0.5893      2706       928    0.9253    0.8238    0.8659    0.5178   0.05024    0.4837         0
     61/99     5.91G   0.05479     0.547         0    0.6018      2940       864    0.9241    0.8244    0.8654     0.518   0.05019    0.4837         0
     62/99     5.91G   0.05388    0.5322         0    0.5861      2566       352    0.9263    0.8245    0.8667    0.5192   0.05021    0.4835         0
     63/99     5.91G   0.05403    0.5314         0    0.5855      2286       352    0.9235    0.8272    0.8667    0.5183   0.05013    0.4835         0
     64/99     5.91G   0.05384    0.5263         0    0.5802      2673       800    0.9286    0.8219    0.8661     0.518   0.05011    0.4834         0
     65/99     5.91G   0.05385    0.5319         0    0.5857      2264       768    0.9277    0.8237    0.8669    0.5189   0.05007     0.483         0
     66/99     5.91G   0.05409    0.5353         0    0.5894      2399       864    0.9238    0.8274    0.8677    0.5192   0.05003    0.4834         0
     67/99     5.91G   0.05385    0.5305         0    0.5843      1584       416    0.9228    0.8281    0.8667    0.5192   0.05004    0.4836         0
     68/99     5.91G   0.05388    0.5321         0    0.5859      3020       352    0.9232    0.8291    0.8675    0.5189   0.05006    0.4836         0
     69/99     5.91G    0.0546    0.5403         0    0.5949      2742       512    0.9238    0.8286    0.8678    0.5193   0.05008    0.4835         0
     70/99     5.91G   0.05511    0.5461         0    0.6012      2524       416    0.9228    0.8295    0.8676    0.5188   0.05012    0.4835         0
     71/99     5.91G   0.05437     0.539         0    0.5933      2472       352    0.9237    0.8297    0.8675    0.5199   0.05009    0.4829         0
     72/99     5.91G   0.05388    0.5327         0    0.5866      2111       864    0.9242     0.829    0.8677    0.5202   0.05006    0.4831         0
     73/99     5.91G   0.05472    0.5501         0    0.6049      2196       864    0.9254    0.8272    0.8681    0.5211      0.05    0.4828         0
     74/99     5.91G   0.05399    0.5365         0    0.5905      2106       736    0.9218    0.8303    0.8691    0.5215   0.04999    0.4827         0
     75/99     5.91G   0.05359    0.5339         0    0.5875      1859       608    0.9227    0.8306    0.8687    0.5212   0.04997    0.4826         0
     76/99     5.91G   0.05348    0.5293         0    0.5828      2980       512    0.9235    0.8292    0.8688    0.5215   0.04994    0.4823         0
     77/99     5.91G   0.05361    0.5251         0    0.5787      2424       352    0.9231    0.8298    0.8689    0.5215   0.04993    0.4823         0
     78/99     5.91G   0.05398    0.5432         0    0.5972      3140       512    0.9222    0.8314    0.8695    0.5223    0.0499    0.4819         0
     79/99     5.91G   0.05434    0.5423         0    0.5966      2163       288    0.9281    0.8276    0.8699    0.5224   0.04988    0.4818         0
     80/99     5.91G   0.05326    0.5249         0    0.5781      2511       736    0.9249    0.8305    0.8699    0.5224   0.04986     0.482         0
     81/99     5.91G   0.05369    0.5356         0    0.5893      2878       544     0.925    0.8305    0.8701    0.5222   0.04985    0.4818         0
     82/99     5.91G   0.05336    0.5308         0    0.5842      3455       576     0.924     0.831    0.8703    0.5225   0.04981    0.4818         0
     83/99     5.91G   0.05411    0.5453         0    0.5994      2169       736    0.9268    0.8294    0.8705    0.5228   0.04979    0.4817         0
     84/99     5.91G   0.05299    0.5196         0    0.5726      1951       832    0.9236    0.8329    0.8705    0.5232   0.04979    0.4816         0
     85/99     5.91G   0.05317    0.5222         0    0.5754      2368       352    0.9237    0.8337    0.8711    0.5234   0.04979    0.4816         0
     86/99     5.91G   0.05406    0.5357         0    0.5898      2344       576    0.9233    0.8337    0.8706    0.5233   0.04978    0.4815         0
     87/99     5.91G   0.05342    0.5236         0     0.577      2892       640    0.9235    0.8335    0.8705    0.5233   0.04976    0.4815         0
     88/99     5.91G   0.05335    0.5292         0    0.5826      1961       800    0.9253    0.8317    0.8704    0.5234   0.04973    0.4813         0
     89/99     5.91G   0.05345    0.5336         0    0.5871      2016       448    0.9258    0.8315    0.8705    0.5238   0.04973    0.4813         0
     90/99     5.91G   0.05339     0.528         0    0.5814      2348       896    0.9252    0.8323    0.8709    0.5239   0.04972    0.4813         0
     91/99     5.91G   0.05344     0.534         0    0.5875      3044       544    0.9241    0.8328    0.8707    0.5242   0.04971    0.4814         0
     92/99     5.91G   0.05351    0.5332         0    0.5867      2137       896    0.9246     0.833    0.8709    0.5243    0.0497    0.4812         0
     93/99     5.91G   0.05337    0.5304         0    0.5838      2432       736    0.9243    0.8336     0.871    0.5243   0.04968    0.4813         0
     94/99     5.91G   0.05315    0.5245         0    0.5776      2539       384    0.9251    0.8332    0.8712    0.5243   0.04968    0.4814         0
     95/99     5.91G   0.05394     0.546         0    0.5999      2374       896    0.9246    0.8338    0.8713    0.5246   0.04968    0.4814         0
     96/99     5.91G   0.05312    0.5319         0     0.585      2313       704    0.9248    0.8336    0.8711    0.5246   0.04968    0.4814         0
     97/99     5.91G   0.05299    0.5197         0    0.5726      2614       832    0.9251    0.8336    0.8711    0.5246   0.04967    0.4813         0
     98/99     5.91G   0.05322    0.5296         0    0.5828      2166       320    0.9235     0.835     0.871    0.5246   0.04966    0.4813         0
     99/99     5.91G   0.05322     0.523         0    0.5762      1776       448    0.9243    0.8344    0.8712    0.5247   0.04966    0.4813         0
