     0/999    0.839G   0.08732    0.2192         0    0.3065       592       544    0.1349    0.1823   0.04403  0.007611   0.09279    0.2146         0
     1/999     0.81G     0.097    0.2025         0    0.2995       499       768    0.1545    0.2118   0.05108  0.008761   0.08765    0.2043         0
     2/999     3.52G    0.1011    0.1834         0    0.2844       537       800    0.1768    0.2315   0.07098    0.0108   0.08678    0.2027         0
     3/999     3.14G   0.09277    0.1956         0    0.2884       660       896    0.1773    0.2559    0.0758   0.01169    0.0871    0.2136         0
     4/999    0.904G   0.09402    0.2068         0    0.3009       566       512    0.1676    0.3547   0.08622   0.01376     0.085     0.236         0
     5/999    0.818G    0.0915     0.193         0    0.2845       498       320     0.206      0.33    0.1046   0.01569   0.08119    0.2623         0
     6/999    0.822G   0.09048    0.1716         0    0.2621       531       288     0.223    0.3152    0.1116   0.01765   0.07976    0.2663         0
     7/999     4.35G    0.0862    0.1872         0    0.2734       519       320    0.2042    0.3251    0.1125    0.0197   0.07867    0.2665         0
     8/999      5.8G     0.077    0.1848         0    0.2618       782       800    0.1927    0.4138     0.123   0.01911    0.0771    0.2571         0
     9/999     2.03G   0.07608    0.1882         0    0.2643       422       512    0.2086    0.3941    0.1268   0.02158   0.07687    0.2534         0
    10/999     3.61G   0.08758    0.1652         0    0.2528       762       320    0.2112    0.3891    0.1221   0.02022   0.07666    0.2449         0
    11/999    0.887G   0.09135    0.1992         0    0.2906       525       480    0.2066    0.4187    0.1304   0.02231   0.07343    0.2433         0
    12/999     3.38G   0.08671    0.1872         0    0.2739       513       800    0.2298    0.3892    0.1318   0.02294   0.07297    0.2413         0
    13/999    0.847G   0.08723    0.1849         0    0.2721       382       608    0.2066    0.4877    0.1391   0.02366   0.07359    0.2322         0
    14/999     6.44G   0.07837    0.1826         0     0.261       599       800    0.2203    0.5123     0.151   0.02486   0.07594    0.2243         0
    15/999     6.46G   0.08566    0.1734         0     0.259       805       768    0.2255    0.4581    0.1497     0.025   0.07751    0.2168         0
    16/999     3.69G   0.08086    0.1929         0    0.2738       661       480    0.2513    0.4335    0.1562   0.02888   0.06941    0.2219         0
    17/999    0.868G   0.08056    0.2021         0    0.2827       327       384    0.2408    0.5123    0.1717    0.0297   0.06664    0.2247         0
    18/999    0.858G   0.07805    0.1931         0    0.2711       538       448    0.2849    0.3399    0.1543    0.0298   0.06419    0.2171         0
    19/999     5.34G   0.08087    0.1913         0    0.2722       564       800     0.247     0.468    0.1754   0.03111   0.06621    0.2143         0
    20/999     5.35G   0.08978    0.1778         0    0.2676       479       608    0.2958    0.3641    0.1817   0.03365   0.06414    0.2096         0
    21/999     0.86G   0.06857    0.1746         0    0.2432       576       704    0.2496    0.4631    0.1705   0.03052   0.06334    0.2072         0
    22/999        5G   0.07968    0.2015         0    0.2812       706       512    0.3333      0.33    0.1997   0.03624   0.05974    0.2139         0
    23/999     2.15G   0.07261    0.1726         0    0.2452       484       864    0.2755    0.3448    0.1704   0.03451   0.05835    0.2107         0
    24/999    0.891G   0.07415    0.1872         0    0.2613       807       640    0.2944    0.3742    0.1883   0.03612   0.05603    0.2111         0
    25/999    0.864G   0.07167    0.1867         0    0.2583       623       576    0.2708    0.4532    0.2029    0.0381   0.05192    0.2092         0
    26/999     7.03G   0.07172    0.1749         0    0.2466      1086       704    0.2552    0.5862    0.2222   0.03976   0.05434    0.2107         0
    27/999     7.03G   0.06952    0.1768         0    0.2463       728       864    0.2749    0.5567    0.2468   0.05083    0.0526    0.2113         0
    28/999     7.03G    0.0654    0.1712         0    0.2366       330       768    0.3862    0.3005    0.2062   0.04239   0.05389    0.2105         0
    29/999     7.08G   0.06627    0.1922         0    0.2585       592       480      0.26    0.4631    0.1806   0.03153     0.048    0.2076         0
    30/999     7.08G   0.07074    0.2014         0    0.2721       627       640    0.3655    0.3689     0.225    0.0448    0.0463    0.2108         0
    31/999     3.12G   0.06847    0.1725         0     0.241       395       832     0.248    0.6108    0.2405   0.04981   0.04704     0.211         0
    32/999      6.7G    0.0671    0.1712         0    0.2383       519       640    0.2988     0.487    0.2236   0.04298   0.04729    0.2105         0
    33/999     6.75G   0.06788    0.1981         0     0.266       461       512    0.3363    0.4631    0.2848   0.05815   0.04706    0.2103         0
    34/999     6.75G   0.06399    0.1902         0    0.2542       342       480    0.2999    0.4483    0.2171    0.0498   0.04538    0.2114         0
    35/999     6.75G   0.07958    0.1847         0    0.2643       645       320    0.3868    0.3542    0.2789   0.06285   0.04126    0.2149         0
    36/999     5.47G   0.08366    0.1893         0    0.2729       673       736    0.2782    0.4926    0.2583   0.05435     0.049    0.2224         0
    37/999     5.49G   0.06568    0.2047         0    0.2704       497       576    0.3123    0.4286    0.2355   0.04589   0.04333    0.2178         0
    38/999     6.54G   0.06068    0.1969         0    0.2576       441       640    0.2815    0.5714     0.279   0.05501   0.04769    0.2183         0
    39/999     6.57G   0.07011    0.1934         0    0.2635       604       448    0.2786    0.4581    0.2512   0.05906   0.04055    0.2186         0
    40/999     6.57G   0.06894    0.2262         0    0.2952       525       576    0.3276    0.4081     0.257   0.05788   0.04266    0.2173         0
    41/999     6.57G   0.07081    0.2016         0    0.2725       314       800     0.401    0.4729    0.3231   0.07461   0.03762    0.2167         0
    42/999     6.57G   0.06361    0.2026         0    0.2662       379       608    0.3507    0.5567    0.3427   0.08543   0.03674    0.2191         0
    43/999     6.59G   0.06466     0.199         0    0.2636       672       480     0.391     0.532    0.3641   0.09323   0.03937    0.2156         0
    44/999     6.59G    0.0685    0.2129         0    0.2814       434       800    0.3591    0.5548    0.3427   0.09157   0.05028    0.2137         0
    45/999     6.59G    0.0594    0.1921         0    0.2515       794       320    0.3677    0.5014    0.2994   0.05788    0.0438    0.2177         0
    46/999     6.59G   0.07119    0.2256         0    0.2968       415       448    0.4732    0.5764    0.4509    0.1125   0.04343    0.2226         0
    47/999     6.59G   0.06357    0.1951         0    0.2587       854       800    0.4024    0.5714    0.4055    0.1081   0.03825    0.2198         0
    48/999     6.59G    0.0721    0.2005         0    0.2726       585       832    0.4378    0.6256    0.4588    0.1127   0.03487    0.2156         0
    49/999     6.59G   0.06202    0.1863         0    0.2483       901       320    0.4759    0.6355    0.4894     0.123    0.0388    0.2157         0
    50/999     6.59G   0.06917    0.1756         0    0.2447       238       736    0.5134    0.5665     0.512    0.1302   0.04652    0.2211         0
    51/999     6.59G   0.06992    0.2125         0    0.2824       370       512    0.4928    0.5123    0.4725    0.1146   0.03745    0.2185         0
    52/999    0.837G   0.07437      0.23         0    0.3044       550       352    0.5039    0.4926    0.4417   0.09878   0.04303    0.2178         0
    53/999     2.96G   0.06136    0.2139         0    0.2752       575       704     0.431    0.6897    0.5088    0.1339   0.04078     0.217         0
    54/999     5.82G   0.05886    0.1993         0    0.2581       318       288    0.5108     0.665    0.5679    0.1644   0.03571    0.2193         0
    55/999     7.17G   0.07026    0.2083         0    0.2786       528       512    0.4896    0.6502    0.4971    0.1256   0.03701    0.2334         0
    56/999     3.14G   0.07145    0.1947         0    0.2662       422       928    0.5327     0.601     0.567    0.1691   0.03755    0.2167         0
    57/999     4.95G   0.06413    0.1952         0    0.2593       461       480    0.4714    0.7044    0.5672    0.1603   0.03812    0.2183         0
    58/999     4.95G   0.06404    0.2095         0    0.2736       598       864    0.4628    0.6453    0.5215    0.1396    0.0396     0.222         0
    59/999     5.98G   0.06377    0.1933         0     0.257       332       800    0.5555    0.5665    0.5603    0.1558    0.0364    0.2184         0
    60/999     5.98G   0.05452    0.2056         0    0.2602       467       800    0.4745    0.6984    0.4819   0.09449   0.04632    0.2181         0
    61/999     5.98G   0.07002    0.1891         0    0.2592       524       928    0.6099    0.6007    0.6033    0.1759   0.03825    0.2191         0
    62/999     5.98G   0.07847    0.2092         0    0.2877       764       448    0.5631    0.6749    0.6221     0.181   0.03643    0.2189         0
    63/999    0.879G   0.05546    0.1965         0     0.252       522       416    0.5171    0.6699     0.524    0.1065    0.0376    0.2221         0
    64/999     4.62G   0.05923    0.2149         0    0.2742       371       576    0.5217    0.6404    0.5066    0.1247   0.03767    0.2249         0
    65/999     6.03G   0.07013    0.1973         0    0.2675       330       640    0.2774    0.7094    0.2234   0.04449   0.04225    0.2165         0
    66/999     6.03G    0.0638    0.1902         0     0.254       445       544    0.5375    0.6256    0.5155    0.1268   0.03402    0.2386         0
    67/999     6.05G   0.05724     0.215         0    0.2722       497       416    0.5278    0.3744    0.3813   0.07625   0.04626    0.2286         0
    68/999     6.08G   0.07079    0.2214         0    0.2921       463       512    0.4384      0.67    0.4116   0.07925   0.05502    0.2226         0
    69/999     6.46G    0.0763    0.1958         0    0.2721       709       800     0.351    0.7488    0.4018    0.0811   0.04097    0.2226         0
    70/999     6.46G   0.06263    0.2031         0    0.2657       613       640    0.5295    0.6995    0.4795    0.1181   0.05022    0.2206         0
    71/999     6.46G   0.07476    0.2316         0    0.3064       633       896    0.5749    0.5961    0.5776    0.1553    0.0372    0.2211         0
    72/999     6.46G   0.06951    0.1964         0    0.2659       590       864    0.6835    0.6453    0.6821    0.1986   0.03678    0.2182         0
    73/999     6.46G   0.06792    0.2025         0    0.2704       381       704    0.6227    0.6108     0.636    0.1903   0.03096    0.2227         0
    74/999     6.46G   0.06272    0.1986         0    0.2613       717       416    0.5904    0.6552    0.6209    0.1588   0.04324    0.2222         0
    75/999      7.8G    0.0675    0.1949         0    0.2624       431       896      0.56    0.6995    0.6425    0.1849   0.04374     0.216         0
    76/999      7.8G   0.06879    0.1976         0    0.2664       556       864     0.627    0.7438    0.7124    0.2305   0.03787    0.2302         0
    77/999      7.8G   0.06654    0.1974         0     0.264       412       576    0.5283     0.734    0.4921    0.1186   0.04049    0.2184         0
    78/999      7.8G   0.07147    0.1971         0    0.2685       510       832    0.5811    0.6969    0.6065    0.1599     0.051    0.2184         0
    79/999      7.8G   0.06488    0.2191         0     0.284       501       384    0.4463    0.7833    0.4476    0.1058   0.03654     0.221         0
    80/999      7.8G   0.05722    0.2135         0    0.2707       629       928    0.7456    0.5665    0.6835    0.2081   0.03358    0.2329         0
    81/999      7.8G   0.05988    0.2232         0    0.2831       384       416     0.608    0.7488    0.7025    0.2081   0.03682     0.224         0
    82/999      7.8G   0.06048    0.2228         0    0.2833       904       896    0.6275    0.6059    0.6314    0.1959   0.04491    0.2342         0
    83/999      7.8G    0.0581    0.2318         0    0.2899       943       736    0.5151    0.5714    0.5263    0.1413    0.0385    0.2302         0
    84/999      7.8G   0.06223    0.2104         0    0.2727       873       384     0.505    0.6946    0.4806    0.0954   0.03942    0.2252         0
    85/999      7.8G   0.06226    0.1904         0    0.2526       330       576    0.5121    0.8079    0.6184    0.1506   0.03895    0.2165         0
    86/999      7.8G   0.05491    0.2205         0    0.2754       716       608    0.5028    0.8318    0.6063    0.1685   0.03768    0.2198         0
    87/999      7.8G   0.07189    0.2517         0    0.3235       449       320     0.569    0.8325    0.5656    0.1282   0.04842    0.2195         0
    88/999      7.8G   0.06914    0.2026         0    0.2717       524       896    0.5063    0.6502    0.6051    0.1737     0.051    0.2314         0
    89/999      7.8G   0.06576     0.209         0    0.2748       378       608    0.5016    0.7337    0.4222   0.08601   0.03292    0.2169         0
    90/999      7.8G     0.076    0.2187         0    0.2947      1015       608    0.6949    0.7631    0.7513    0.2314   0.02978    0.2279         0
    91/999      7.8G   0.07365    0.2164         0    0.2901       459       544    0.5902    0.7237    0.6231     0.195   0.03205    0.2241         0
    92/999      7.8G   0.06302    0.1874         0    0.2504       601       768    0.5695    0.7235    0.5869    0.1472   0.04875    0.2233         0
    93/999      7.8G   0.07066    0.2288         0    0.2994      1131       832    0.6283     0.734    0.7223    0.2235   0.03875    0.2327         0
    94/999      7.8G   0.06578    0.2359         0    0.3017       767       544    0.7119    0.8276    0.7745    0.2457   0.04491    0.2197         0
    95/999      7.8G   0.05874    0.2154         0    0.2741       418       384    0.6394    0.7094    0.6806    0.1858    0.0356    0.2197         0
    96/999      7.8G   0.06091    0.2073         0    0.2682       558       640    0.6693    0.8074    0.7543    0.2307   0.04444    0.2176         0
    97/999      7.8G   0.06297    0.2172         0    0.2802       680       320    0.6829     0.798     0.756    0.1796   0.03866    0.2111         0
    98/999      7.8G   0.06268    0.2075         0    0.2702       687       896    0.6327    0.7128    0.7019    0.1993   0.03936    0.2154         0
    99/999      7.8G   0.05708     0.226         0    0.2831       545       384    0.7028    0.8276    0.7824    0.2086   0.04117    0.2116         0
   100/999      7.8G   0.06899      0.17         0     0.239       420       896    0.4532    0.7881    0.4625    0.1016   0.05176    0.2121         0
   101/999      7.8G   0.06332    0.2178         0    0.2811       518       320    0.5933    0.7192    0.7073    0.2508   0.05228    0.2109         0
   102/999      7.8G   0.05646    0.2284         0    0.2849       459       576    0.7052    0.7094     0.698    0.1918   0.03813    0.2128         0
   103/999      7.8G   0.05043    0.2169         0    0.2673       307       320     0.489    0.5616    0.4835    0.1134   0.03119    0.2378         0
   104/999      7.8G   0.06046    0.2288         0    0.2892       702       800    0.5418    0.7291    0.5345    0.1082   0.03761    0.2393         0
   105/999      7.8G   0.05093    0.2187         0    0.2696       646       800    0.5593    0.5502    0.5426    0.1102   0.04202    0.2152         0
   106/999      7.8G   0.06239    0.2171         0    0.2795       699       480    0.7563    0.8571     0.811    0.2409   0.03434    0.2207         0
   107/999      7.8G   0.05079     0.236         0    0.2868       580       608     0.664    0.8471    0.7032    0.1734    0.0278    0.2158         0
   108/999      7.8G   0.06103    0.1926         0    0.2537       367       896    0.7078    0.8374    0.7415    0.1945   0.02984    0.2158         0
   109/999      7.8G    0.0627    0.2438         0    0.3065       646       448    0.7968    0.8325    0.8308     0.297   0.03308    0.2268         0
   110/999      7.8G   0.06244    0.1981         0    0.2605       388       928    0.6399    0.7882    0.7738    0.2286   0.02914    0.2189         0
   111/999      7.8G   0.06812    0.2046         0    0.2727       447       608    0.6658    0.5714    0.6119    0.1522   0.03069    0.2255         0
   112/999     7.81G   0.06321    0.2317         0    0.2949       432       352    0.6865    0.8414    0.7759    0.2671   0.02575    0.2116         0
   113/999     7.81G   0.05513     0.221         0    0.2761       668       736    0.7997    0.8473    0.8538    0.2896   0.03026    0.2132         0
   114/999     7.81G   0.06002    0.1939         0    0.2539       559       832    0.4801    0.8424    0.5318    0.1335   0.02944    0.2172         0
   115/999     7.81G   0.05634    0.1773         0    0.2336       614       288    0.6035    0.8324    0.6604    0.1365   0.03372    0.2102         0
   116/999     7.81G   0.05271    0.2221         0    0.2748       687       544    0.5355    0.6191    0.5232    0.1258    0.0355    0.2468         0
   117/999     7.81G   0.05412    0.1788         0    0.2329       463       864    0.7226    0.7833    0.8007    0.2658   0.02679    0.2128         0
   118/999     7.81G   0.05997    0.2073         0    0.2673       373       896    0.7623    0.7584    0.7242    0.2036      0.03    0.2127         0
   119/999     7.81G    0.0525     0.219         0    0.2715       723       416    0.6987     0.734    0.7072    0.2025   0.02971    0.2113         0
   120/999     7.81G   0.05926    0.2027         0    0.2619       616       864    0.6146    0.8276    0.7545    0.2365   0.02653    0.2075         0
   121/999     7.81G   0.06726    0.1855         0    0.2528       787       384    0.8548    0.7831    0.8451    0.2746   0.02937    0.2088         0
   122/999     7.81G   0.05386    0.2101         0     0.264       726       480    0.8017    0.7566    0.8166     0.262   0.03219    0.2124         0
   123/999     7.81G   0.05598    0.1842         0    0.2402       502       736    0.6454    0.8177    0.6353    0.1372   0.03754    0.2298         0
   124/999     7.81G   0.05117    0.2157         0    0.2668       656       800     0.589    0.7635    0.6582    0.1896   0.04902    0.2086         0
   125/999     7.81G   0.06022    0.1967         0    0.2569       870       640    0.8468    0.8716    0.8758    0.3339   0.04713    0.2141         0
   126/999     7.81G   0.05966    0.2008         0    0.2604       886       512    0.5573    0.8621    0.5907    0.1663   0.03374     0.218         0
   127/999     7.81G   0.05544    0.2252         0    0.2806       745       704    0.8288    0.7192    0.8016    0.2267   0.03239    0.2192         0
   128/999     7.81G   0.06272     0.214         0    0.2767       426       608    0.7723    0.7882    0.8309    0.2635    0.0393    0.2247         0
   129/999     7.81G   0.04832    0.1978         0    0.2461       476       704    0.5083    0.7488    0.4789    0.1068   0.03097    0.2184         0
   130/999     7.81G   0.05207    0.2201         0    0.2722       667       384     0.824    0.5997    0.6929    0.2246   0.05689    0.2126         0
   131/999     7.81G   0.07211    0.1906         0    0.2627       487       864    0.8933    0.8661     0.901    0.3192   0.05536     0.215         0
   132/999     7.81G   0.05908    0.2398         0    0.2989       740       544       0.6    0.6453    0.5569   0.09065   0.03893    0.2215         0
   133/999     7.81G   0.06387    0.1966         0    0.2605       247       352    0.1338    0.3547   0.05006  0.008088   0.04548     0.198         0
   134/999     7.81G   0.06941    0.1768         0    0.2463       592       704    0.3267    0.4335    0.2125   0.03041   0.04415    0.1992         0
   135/999     7.81G    0.0705    0.1906         0    0.2611       472       320    0.6715    0.8571     0.686    0.1847   0.03835    0.2227         0
   136/999     7.81G   0.06604     0.246         0    0.3121       702       384    0.7033    0.8571    0.7944    0.2683   0.02938     0.255         0
   137/999     7.81G    0.0663     0.246         0    0.3123       611       928    0.7326    0.8905    0.7996    0.2692   0.02988    0.2269         0
   138/999     7.81G   0.05323    0.2229         0    0.2761       531       704    0.8101    0.8406    0.8606    0.2892   0.02901    0.2358         0
   139/999     7.81G   0.06216    0.2198         0     0.282       513       608    0.7677    0.7979     0.809    0.2774   0.04572     0.218         0
   140/999     7.81G   0.06404    0.2085         0    0.2726       682       800    0.8807     0.803      0.87     0.317   0.03549     0.224         0
   141/999     7.81G   0.05101    0.1951         0    0.2462       490       896    0.8923    0.8166    0.8464    0.2438   0.03131    0.2141         0
   142/999     7.81G   0.06302    0.2075         0    0.2705       970       576     0.317    0.3842    0.1516   0.02541   0.04952    0.2554         0
   143/999     7.81G   0.05874    0.1861         0    0.2449       383       864    0.5227    0.7143    0.5651    0.1289   0.03712    0.2032         0
   144/999     7.81G   0.06675    0.2166         0    0.2833       348       736      0.85    0.8768    0.8832    0.2968   0.04031     0.217         0
   145/999     7.81G   0.05972    0.1857         0    0.2454       581       896    0.5164    0.8312    0.5001    0.1237   0.03511    0.2108         0
   146/999     7.81G   0.06211    0.2346         0    0.2967       328       480    0.6459    0.8818    0.7015    0.1861   0.03424    0.2156         0
   147/999     7.81G   0.05725    0.2394         0    0.2967       660       480    0.7947    0.7488    0.8124    0.2622   0.03603    0.2106         0
   148/999     7.81G   0.06775    0.1962         0     0.264       527       544    0.3619    0.6798    0.2771   0.05206   0.04967    0.2215         0
   149/999     7.81G   0.06848    0.1942         0    0.2627       495       640    0.8837    0.7485    0.8314    0.3048   0.04289    0.2039         0
   150/999     7.81G    0.0645    0.2452         0    0.3097       511       512    0.9062     0.857    0.9016    0.3184   0.02857    0.2164         0
   151/999     7.81G   0.04995    0.2042         0    0.2541       406       576    0.4926    0.8465    0.4975    0.1043   0.03824    0.2135         0
   152/999     7.81G   0.05277    0.2091         0    0.2619       305       864    0.8471    0.9003    0.8885    0.3117   0.03377    0.2106         0
   153/999     7.81G   0.06186    0.2145         0    0.2763       662       416    0.6798    0.7633    0.6464    0.1595     0.035    0.2119         0
   154/999     7.81G   0.06081    0.2125         0    0.2733       608       864    0.8581    0.8374    0.8605     0.308   0.03069    0.2274         0
   155/999     7.81G   0.05737    0.1884         0    0.2457       360       640    0.6912    0.7829    0.6126    0.1482   0.04203    0.2172         0
   156/999     7.81G   0.06267    0.2045         0    0.2671       495       416    0.8588    0.8177    0.8621    0.3105    0.0337    0.2086         0
   157/999     7.81G   0.05224    0.1981         0    0.2503       642       608    0.5509    0.8227    0.5481    0.1143   0.04175    0.2557         0
   158/999     7.81G   0.06553    0.2064         0    0.2719       454       864    0.8134    0.8373    0.8318    0.2739   0.02808    0.2143         0
   159/999     7.81G   0.05239    0.2036         0     0.256       574       704    0.8331    0.8362      0.85    0.2916   0.02986    0.2136         0
   160/999     7.81G   0.05045    0.2293         0    0.2798       469       576    0.9261    0.8023    0.8872    0.3342   0.02987    0.2099         0
   161/999     7.81G   0.05246     0.179         0    0.2315       548       768    0.8009    0.8123     0.823     0.277   0.03114    0.2144         0
   162/999     7.81G   0.05287    0.1858         0    0.2386       657       608    0.5616    0.8522    0.6621    0.2431   0.03195    0.2105         0
   163/999     7.81G   0.06538    0.1957         0    0.2611       670       832    0.5643    0.5615    0.3911   0.06907   0.05273    0.2091         0
   164/999     7.81G   0.06377    0.1841         0    0.2479       795       288    0.7873     0.665    0.7045    0.1713   0.05116    0.2086         0
   165/999     7.81G   0.06172    0.1712         0    0.2329       305       704     0.917    0.8128    0.8661     0.308    0.0291    0.2103         0
   166/999     7.81G   0.06099    0.1857         0    0.2467       879       352    0.5585    0.7728    0.6376     0.144    0.0458    0.2146         0
   167/999     7.81G   0.05359    0.2056         0    0.2592       537       320    0.8917     0.867    0.9099    0.3462   0.03173    0.2107         0
   168/999     7.81G   0.04704    0.1961         0    0.2431       404       576    0.8708    0.8963    0.9158     0.347   0.02928    0.2069         0
   169/999     7.81G   0.05283     0.215         0    0.2678       380       288    0.8883    0.8617    0.8845    0.2993   0.03149    0.2109         0
   170/999     7.81G   0.05722    0.1913         0    0.2485       459       832      0.91    0.8964    0.9125    0.3485   0.03489    0.2103         0
   171/999     7.81G    0.0501    0.2159         0     0.266       313       544     0.899    0.8766    0.8937    0.3234   0.03263    0.2169         0
   172/999     7.81G   0.05506    0.1965         0    0.2515       758       800    0.8794    0.8618     0.872    0.2701   0.02899     0.209         0
   173/999     7.81G   0.05121    0.2339         0    0.2851       551       384    0.8944    0.9212    0.9285    0.3364   0.02649    0.2157         0
   174/999     7.81G   0.05429    0.1943         0    0.2486       664       640    0.8672    0.8363    0.8734    0.2878   0.03012    0.2075         0
   175/999     7.81G   0.05732    0.2249         0    0.2822       438       448    0.9193    0.8418    0.9019    0.3516   0.03607    0.2105         0
   176/999     7.81G   0.06037    0.2161         0    0.2765       589       704    0.9215    0.8177    0.8925    0.3307   0.03371    0.2096         0
   177/999     7.81G   0.05271    0.1979         0    0.2506       500       512    0.9155    0.8002    0.8726    0.3036    0.0304    0.2118         0
   178/999     7.81G   0.06711    0.2134         0    0.2805       611       640    0.4126    0.4187    0.2184   0.03501   0.04475    0.2398         0
   179/999     7.81G   0.06767    0.2251         0    0.2928       549       832    0.7744     0.778    0.7387    0.1977   0.03884    0.2303         0
   180/999     7.81G    0.0729    0.1841         0     0.257       495       864    0.8883    0.9015    0.8898    0.3187   0.03769    0.2066         0
   181/999     7.81G   0.07302    0.2293         0    0.3023       698       864    0.9516    0.8711    0.9153    0.3589   0.03269    0.2372         0
   182/330    0.822G   0.07548    0.2019         0    0.2774       299       288    0.5881    0.7153    0.6307    0.1443   0.08696    0.3219         0
   183/330    0.839G   0.07449    0.1725         0     0.247       188       608    0.5143    0.7206     0.551     0.132   0.07658    0.2002         0
   184/330     5.41G   0.06564    0.1733         0     0.239       144       608    0.5103    0.6809    0.5195    0.1289   0.06551    0.1833         0
   185/330    0.931G    0.0579     0.175         0    0.2329       198       864    0.6003    0.7632    0.6773    0.2633   0.05887    0.1589         0
   186/330    0.904G   0.05336    0.1678         0    0.2212       205       480    0.7681    0.8114    0.8003    0.3803   0.05415    0.1547         0
   187/330    0.929G   0.05491    0.2037         0    0.2586       491       800    0.8488    0.8441    0.8767     0.329   0.05658    0.1572         0
   188/330    0.893G   0.05329    0.1878         0    0.2411       179       832    0.8861     0.831       0.9    0.5059   0.05537    0.1556         0
   189/330    0.845G   0.05046    0.1882         0    0.2387       289       512    0.9085    0.8557    0.9133    0.5113   0.05348    0.1511         0
   190/330    0.845G   0.05129    0.1762         0    0.2275       203       448    0.8924    0.8535     0.907    0.5165   0.05587    0.1565         0
   191/330     7.19G   0.05078    0.1773         0    0.2281       293       800     0.898    0.8854    0.9244    0.5587    0.0563    0.1449         0
   192/330     7.63G   0.04917    0.1745         0    0.2236       228       864    0.9179    0.8701    0.9269    0.5584   0.05599    0.1431         0
   193/330    0.862G   0.04877    0.1844         0    0.2332       205       736    0.9197    0.8818    0.9339    0.4692   0.05424    0.1448         0
   194/330     7.33G   0.04896    0.1876         0    0.2365       202       608     0.915    0.8728    0.9236    0.5905   0.05111     0.143         0
   195/330    0.885G   0.04948    0.1741         0    0.2236       167       320    0.9196    0.8688    0.9248     0.565   0.05179    0.1445         0
   196/330     7.93G   0.04886    0.1788         0    0.2276       223       800    0.9074    0.8761     0.924    0.5763    0.0557    0.1442         0
   197/330     7.96G   0.04777    0.1797         0    0.2275       339       608    0.9248     0.873    0.9301    0.4016   0.05754    0.1486         0
   198/330    0.872G   0.04843    0.1708         0    0.2193       178       896    0.9172    0.8836    0.9317    0.6145   0.05009    0.1408         0
   199/330    0.862G    0.0483    0.1668         0    0.2151       166       640    0.9135    0.8906    0.9378    0.5585   0.05033     0.148         0
   200/330     0.86G   0.04831     0.171         0    0.2193       356       544    0.9061    0.9024    0.9378    0.5339   0.05151    0.1437         0
   201/330     7.52G   0.04908    0.1749         0    0.2239       305       608    0.9125    0.8952    0.9362    0.6042   0.04659    0.1383         0
   202/330     7.55G   0.04788    0.1641         0     0.212       107       480    0.9163    0.8852    0.9367    0.6267   0.04917    0.1373         0
   203/330    0.856G   0.04854    0.1711         0    0.2196       234       416    0.9164    0.8934    0.9382    0.6351   0.04941    0.1399         0
   204/330    0.847G   0.04727    0.1652         0    0.2125       248       576    0.9219    0.8827    0.9343    0.5811   0.04909    0.1428         0
   205/330     7.58G    0.0487    0.1553         0     0.204       210       320    0.9044    0.8916    0.9274    0.6161   0.04878    0.1443         0
   206/330     7.59G   0.04462    0.1696         0    0.2142       208       640      0.92    0.8643    0.9232    0.5801   0.05287    0.1436         0
   207/330     7.59G   0.04824     0.174         0    0.2222       116       864    0.9113      0.89    0.9339    0.6352   0.05082      0.14         0
   208/330     7.59G   0.04851    0.1698         0    0.2183       162       736    0.9156    0.8584    0.9167    0.5945   0.04919    0.1471         0
   209/330     7.59G   0.04722    0.1786         0    0.2258        69       896    0.9034    0.8851    0.9214    0.5865   0.05013    0.1411         0
   210/330     7.62G   0.04557    0.1732         0    0.2188       238       512    0.9119    0.8923    0.9375    0.6279   0.04688    0.1373         0
   211/330    0.895G   0.04598     0.177         0     0.223       214       704     0.917    0.8951     0.938    0.6344   0.04766    0.1356         0
   212/330     6.13G   0.04536    0.1895         0    0.2348       300       544    0.9105     0.885     0.929    0.5277   0.04945     0.141         0
   213/330     7.82G   0.04621    0.1678         0     0.214       326       512    0.8961    0.8777    0.9142    0.5407   0.05247    0.1447         0
   214/330     7.82G   0.04603    0.1821         0    0.2281       239       704    0.9271    0.8855    0.9387     0.589    0.0496    0.1387         0
   215/330     7.82G   0.04729    0.1662         0    0.2135       153       832    0.9225    0.8966    0.9381    0.6271   0.04765    0.1374         0
   216/330     7.82G   0.04849    0.1765         0    0.2249       218       832    0.9124    0.8854    0.9302     0.615    0.0543    0.1405         0
   217/330     7.82G   0.04501    0.1629         0    0.2079       207       704    0.9189    0.8824    0.9348    0.6412    0.0505    0.1401         0
   218/330    0.835G   0.04775    0.1713         0     0.219       197       384    0.9275    0.8911    0.9436    0.6298    0.0493     0.136         0
   219/330     6.85G   0.04766    0.1589         0    0.2066        14       704    0.9203     0.903    0.9447    0.6209   0.04942    0.1376         0
   220/330     7.59G   0.04554    0.1576         0    0.2031       254       832    0.9197    0.8885    0.9404    0.5566   0.05253    0.1452         0
   221/330     7.59G   0.04729    0.1639         0    0.2112       244       704    0.9226    0.8998    0.9395    0.6228   0.04615    0.1377         0
   222/330     7.59G   0.04692    0.1623         0    0.2092       219       736    0.9272    0.8937    0.9391    0.6404   0.04989     0.135         0
   223/330     7.59G   0.05028     0.179         0    0.2293       404       832    0.9097    0.8977    0.9326    0.5878   0.05046    0.1378         0
   224/330    0.902G    0.0461    0.1726         0    0.2187       173       928    0.9229    0.8857    0.9336     0.607   0.04933    0.1362         0
   225/330     7.21G    0.0445     0.172         0    0.2165       398       704    0.9117    0.8971    0.9349     0.611   0.04888    0.1361         0
   226/330     7.21G   0.04581     0.158         0    0.2038       258       896    0.9087    0.9011    0.9371    0.6176   0.05051     0.139         0
   227/330     7.23G   0.04408    0.1765         0    0.2206       386       512    0.9103    0.8971    0.9338     0.605   0.04892    0.1386         0
   228/330     7.23G   0.04535    0.1727         0    0.2181       254       448    0.9181    0.9007      0.94     0.635   0.04886    0.1342         0
   229/330     7.23G   0.04599    0.1865         0    0.2325       313       416     0.916    0.8993    0.9397    0.6147    0.0493    0.1357         0
   230/330     7.23G    0.0439    0.1561         0       0.2        99       320    0.9125    0.8813    0.9303    0.5593   0.04993    0.1444         0
   231/330    0.912G   0.04543    0.1612         0    0.2067       282       768     0.928    0.8997    0.9502    0.6049   0.04751    0.1359         0
   232/330     6.38G   0.04379    0.1643         0    0.2081       283       704    0.9225      0.89    0.9377    0.6158   0.05088    0.1363         0
   233/330     7.71G   0.04307    0.1614         0    0.2045        77       448    0.9044    0.9041    0.9373     0.596   0.05244     0.141         0
   234/330     7.71G   0.04742    0.1745         0    0.2219       296       416    0.9214    0.9054    0.9466    0.5593   0.05144    0.1405         0
   235/330     7.71G   0.04621     0.164         0    0.2103        85       448    0.9192    0.9082    0.9495    0.5871   0.04826    0.1403         0
   236/330     7.72G   0.04486    0.1752         0    0.2201       148       480    0.9298    0.8766    0.9322    0.6302   0.05093    0.1395         0
   237/330     7.72G   0.04719    0.1619         0    0.2091       149       704    0.9274    0.8906    0.9414    0.6008   0.05136      0.14         0
   238/330     7.72G   0.04571    0.1606         0    0.2063       177       800    0.9173    0.8881    0.9375    0.5736   0.04793    0.1432         0
   239/330     7.72G   0.04463    0.1701         0    0.2147       161       896    0.9136    0.8974    0.9402    0.5863   0.04638    0.1417         0
   240/330     7.72G   0.04381    0.1655         0    0.2093        66       544     0.911    0.8985    0.9375    0.6168   0.04726    0.1439         0
   241/330     7.72G   0.04432      0.16         0    0.2043        57       544    0.9257    0.8901    0.9361    0.6213   0.05004    0.1358         0
   242/330     7.72G   0.04705    0.1748         0    0.2219       447       768    0.9178    0.9029    0.9446    0.6264   0.05266    0.1335         0
   243/330     7.72G   0.04652     0.169         0    0.2156       336       544    0.9157    0.8992    0.9418    0.6088   0.05099    0.1391         0
   244/330     7.72G   0.05016    0.1689         0    0.2191       220       768    0.9186     0.895    0.9402    0.5949   0.05235    0.1407         0
   245/330     7.72G   0.04475    0.1578         0    0.2025       189       576    0.9273    0.8961    0.9414    0.5793   0.05068     0.141         0
   246/330     7.72G   0.04577    0.1581         0    0.2038       111       640    0.9142    0.8905     0.936     0.613   0.04651    0.1374         0
   247/330     7.72G   0.04319    0.1666         0    0.2098       171       576    0.9092    0.8994    0.9369     0.596   0.04713    0.1398         0
   248/330     7.72G   0.04699    0.1666         0    0.2136       205       832    0.9031     0.843    0.9147    0.5414   0.05678    0.1563         0
   249/330     7.72G    0.0457    0.1746         0    0.2203       298       704    0.9181    0.8908    0.9378    0.6169   0.05093    0.1389         0
   250/330     7.72G   0.04691    0.1723         0    0.2192       111       704    0.9051    0.8751    0.9214    0.5944   0.05226    0.1413         0
   251/330     7.72G   0.04738     0.161         0    0.2084       121       800    0.9222    0.8851    0.9348    0.6227   0.04754    0.1379         0
   252/330     7.72G   0.04643    0.1495         0    0.1959       309       640    0.9031    0.8891    0.9305    0.6148    0.0487     0.143         0
   253/330     7.72G   0.04754    0.1717         0    0.2192       334       416    0.9219    0.8985    0.9459    0.6014   0.04957    0.1372         0
   254/330     7.72G   0.04418    0.1644         0    0.2086       237       544    0.9281    0.8945    0.9424    0.5785   0.04814    0.1381         0
   255/330     7.72G   0.04591    0.1581         0     0.204       193       736    0.9138    0.8807    0.9333     0.575   0.04629    0.1474         0
   256/330     7.72G   0.04489    0.1791         0     0.224       245       320    0.9086    0.9071      0.94     0.618   0.04851    0.1366         0
   257/330     7.72G   0.04731    0.1702         0    0.2175       296       736    0.9197    0.8766    0.9345    0.6026    0.0509    0.1413         0
   258/330     7.72G    0.0467    0.1827         0    0.2294       156       896    0.9059    0.9018     0.936     0.607   0.04797    0.1351         0
   259/330     7.72G   0.04514    0.1765         0    0.2216       187       384    0.9197    0.8942    0.9388    0.6096   0.05417    0.1362         0
   260/330     7.72G   0.04619    0.1624         0    0.2085       140       448    0.9177    0.8964    0.9354    0.6172   0.04939    0.1369         0
   261/330     7.72G   0.04226    0.1696         0    0.2119       140       448    0.9283     0.875    0.9346    0.6203   0.05088    0.1372         0
   262/330     7.72G   0.04441    0.1632         0    0.2077       104       704    0.9197     0.874    0.9308    0.5784   0.04934    0.1427         0
   263/330     7.72G     0.043    0.1615         0    0.2045       234       896     0.925    0.8931    0.9449    0.6231   0.04839    0.1355         0
   264/330     7.72G   0.04489    0.1797         0    0.2246       282       480    0.9117    0.9118    0.9453    0.6151   0.04958    0.1355         0
   265/330     7.72G   0.04495     0.156         0     0.201       190       640    0.9153    0.9075    0.9434    0.6388   0.04573    0.1344         0
   266/330     7.72G   0.04207     0.178         0    0.2201       307       864    0.9212    0.8893    0.9354    0.6246   0.04863    0.1377         0
   267/330     7.72G   0.04159    0.1648         0    0.2064       263       768    0.9187    0.8926    0.9396    0.6132   0.04998    0.1388         0
   268/330     7.72G   0.04431    0.1567         0     0.201       143       480    0.9225    0.9047    0.9444    0.5976   0.04926    0.1384         0
   269/330     7.72G   0.04517    0.1671         0    0.2123       329       640     0.911    0.8986    0.9377    0.6276   0.04772    0.1379         0
   270/330     7.72G   0.04617    0.1506         0    0.1967        78       800    0.9271    0.9018    0.9453    0.6207   0.04851    0.1372         0
   271/330     7.72G   0.04409    0.1556         0    0.1997       120       800    0.9131    0.8939    0.9371    0.6299    0.0466    0.1414         0
   272/330     7.72G     0.042     0.173         0     0.215       229       448    0.9232    0.9078    0.9475    0.6217   0.04821     0.136         0
   273/330     7.72G   0.04281    0.1631         0    0.2059       115       704    0.9165    0.9153    0.9491      0.64   0.04612    0.1339         0
   274/330     7.72G   0.04307    0.1532         0    0.1962       186       608    0.9275    0.8713     0.939    0.6111   0.04441    0.1416         0
   275/330     7.73G   0.04386    0.1534         0    0.1972        89       512    0.9031    0.8624    0.9152    0.5457    0.0517     0.149         0
   276/330     7.73G   0.04295    0.1726         0    0.2155       310       832    0.9072    0.9014    0.9369    0.6158   0.05028    0.1366         0
   277/330     7.73G   0.04507    0.1566         0    0.2016       123       416    0.9099    0.8884    0.9345    0.6262   0.05081    0.1389         0
   278/330     7.73G   0.04504     0.179         0     0.224       320       544     0.921     0.893    0.9435    0.5927    0.0522    0.1378         0
   279/330     7.73G   0.04544    0.1666         0     0.212       194       512    0.9158    0.9003    0.9404     0.574   0.05273    0.1413         0
   280/330    0.845G   0.04557    0.1723         0    0.2179       419       352    0.9364    0.8956    0.9485    0.6377   0.04928    0.1315         0
   281/330        7G   0.04393    0.1735         0    0.2174       267       832    0.9134     0.903    0.9444    0.6146   0.04947    0.1354         0
   282/330     7.44G   0.04247    0.1554         0    0.1978       277       896    0.9076    0.8881     0.933    0.5721   0.05006    0.1392         0
   283/330     7.44G   0.04263     0.154         0    0.1967       209       832    0.9042    0.8792    0.9303    0.6179   0.04797    0.1387         0
   284/330     7.47G    0.0428    0.1596         0    0.2024       252       608    0.9049    0.9028    0.9407    0.6209   0.04773     0.137         0
   285/330     7.47G   0.04353    0.1639         0    0.2075       302       864    0.9159    0.8977    0.9413    0.6261   0.04732    0.1343         0
   286/330     7.47G   0.04334    0.1713         0    0.2146       475       832    0.9219    0.8956    0.9386    0.6329   0.04909    0.1358         0
   287/330     7.51G    0.0451    0.1651         0    0.2102       113       512    0.9296    0.8928    0.9425    0.6149   0.04679    0.1355         0
   288/330     7.51G   0.04149    0.1623         0    0.2038       452       544    0.9146    0.8886    0.9346    0.6294    0.0496    0.1362         0
   289/330     7.51G   0.04369    0.1618         0    0.2055       220       640    0.9227    0.9054    0.9453    0.6127   0.04534    0.1357         0
   290/330     7.51G   0.04313    0.1599         0     0.203       209       448    0.9237    0.9104    0.9494    0.6303   0.04486    0.1326         0
   291/330     7.51G   0.04375    0.1588         0    0.2026        99       704    0.9366    0.8925    0.9467    0.6352   0.04534     0.135         0
   292/330     7.51G   0.04091    0.1726         0    0.2135       204       544    0.9287    0.9008    0.9436    0.6256   0.04807    0.1349         0
   293/330     7.51G   0.04308    0.1714         0    0.2144       199       608    0.9189    0.8891    0.9362    0.6228   0.04865    0.1336         0
   294/330     7.51G   0.04186    0.1695         0    0.2114       206       736    0.9244    0.8911    0.9384    0.6305   0.04732    0.1339         0
   295/330     7.51G   0.04459    0.1766         0    0.2212       319       416    0.8877    0.9018    0.9325    0.6197   0.04985    0.1383         0
   296/330     7.51G   0.04112    0.1646         0    0.2057       331       704    0.9171    0.8947    0.9405    0.6292   0.05368    0.1354         0
   297/330     7.51G   0.04333    0.1615         0    0.2048       499       512    0.9244    0.9109    0.9508    0.6008   0.05064    0.1347         0
   298/330     7.51G   0.04324     0.157         0    0.2003       182       480    0.9177    0.9084    0.9468    0.6373    0.0463    0.1332         0
   299/330     7.51G   0.04268    0.1664         0    0.2091       212       416    0.9068    0.9157    0.9442    0.6075   0.04847    0.1365         0
   300/330     7.51G   0.04227    0.1526         0    0.1948       415       352    0.9134    0.9081     0.943     0.631   0.04521    0.1344         0
   301/330     7.51G   0.04087    0.1523         0    0.1932       200       576    0.9123    0.9057    0.9438    0.6327   0.04532     0.137         0
   302/330     7.51G   0.04399    0.1615         0    0.2055       152       608     0.919    0.8936    0.9376    0.6279   0.04674     0.135         0
   303/330     7.51G   0.04466    0.1647         0    0.2093       121       832    0.9069    0.8953    0.9342    0.6091   0.04818    0.1364         0
   304/330     7.51G   0.04683    0.1616         0    0.2085       231       448    0.9172    0.9106     0.946    0.6389   0.04621    0.1316         0
   305/330     7.51G   0.04441    0.1539         0    0.1983       245       448    0.9068    0.8929    0.9354     0.619   0.04567    0.1392         0
   306/330     7.51G   0.04368    0.1657         0    0.2094       302       896    0.9107    0.9102    0.9442    0.6128   0.04488    0.1334         0
   307/330     7.51G   0.04314    0.1565         0    0.1997       236       480    0.9284    0.9019    0.9458    0.6411   0.04692    0.1327         0
   308/330     7.51G   0.04401    0.1667         0    0.2107       185       736    0.9205    0.8969    0.9433    0.6406   0.04364    0.1352         0
   309/330     7.51G   0.04245    0.1621         0    0.2046       195       576    0.9239     0.905    0.9452    0.6234   0.04346    0.1322         0
   310/330     7.51G   0.04275    0.1606         0    0.2033       356       736    0.9262    0.9054    0.9463    0.6412   0.04312    0.1318         0
   311/330     7.51G   0.04231    0.1455         0    0.1878       121       704    0.9229    0.8924    0.9402    0.6173   0.04439    0.1371         0
   312/330     7.51G   0.04374     0.146         0    0.1898       286       544    0.9203    0.8953    0.9391    0.6204   0.04362    0.1356         0
   313/330     7.51G   0.04289    0.1825         0    0.2254       257       448    0.9301    0.8979     0.945    0.6448    0.0453    0.1302         0
   314/330     7.51G   0.04174    0.1572         0    0.1989       271       544    0.9159    0.9046    0.9425    0.6237   0.04468    0.1362         0
   315/330     7.51G   0.04192    0.1551         0    0.1971       137       768    0.9293    0.9008    0.9473    0.6523   0.04216    0.1295         0
   316/330     7.51G   0.04171     0.157         0    0.1987       191       384    0.9115    0.8546     0.926    0.6106    0.0493    0.1453         0
   317/330     7.51G   0.04224    0.1638         0    0.2061       136       320    0.9153    0.8959    0.9422    0.6398   0.04486    0.1326         0
   318/330     7.51G   0.04213     0.156         0    0.1981        74       736    0.9169    0.8889    0.9388    0.6323   0.04678    0.1356         0
   319/330     7.51G   0.04138    0.1527         0    0.1941       168       800     0.912    0.9052    0.9428    0.6262   0.04877     0.133         0
   320/330     7.51G   0.04317    0.1542         0    0.1974       111       800    0.9207    0.8911      0.94    0.6375   0.04665    0.1339         0
   321/330     7.51G    0.0398    0.1585         0    0.1983        96       288    0.9189    0.8973    0.9398    0.6413   0.04919    0.1335         0
   322/330     7.51G   0.04013    0.1621         0    0.2022       190       704    0.9287    0.8876    0.9405    0.6363   0.04843    0.1321         0
   323/330     7.51G     0.039    0.1548         0    0.1938       323       320    0.9111    0.8871    0.9374    0.6385   0.04603    0.1345         0
   324/330     7.51G   0.03888     0.163         0    0.2018       358       384    0.9114    0.9041    0.9401    0.6413   0.04723    0.1323         0
   325/330     7.51G   0.04014    0.1647         0    0.2049       134       736    0.9133    0.8888    0.9422     0.645   0.04722     0.134         0
   326/330     7.51G   0.03938    0.1512         0    0.1906       133       608    0.9119    0.8911    0.9384    0.6349   0.04375    0.1365         0
   327/330     7.51G   0.04234    0.1615         0    0.2039       146       448     0.922    0.9007    0.9449    0.6362   0.04731    0.1331         0
   328/330     7.51G   0.04183    0.1522         0     0.194       200       576    0.9179    0.8885     0.937    0.6328   0.04849    0.1356         0
   329/330     7.51G   0.04089    0.1543         0    0.1952        79       448     0.901    0.8803    0.9286    0.6238   0.04942     0.139         0
   330/330     7.51G   0.03965    0.1674         0    0.2071       197       352    0.9261    0.8974    0.9424    0.6509   0.05117    0.1312         0
